4294967293,131
4294967293,130
4294967293,129
4294967293,128
4294967293,127
4294967293,126
4294967293,125
4294967293,124
4294967293,123
4294967293,122
4294967293,121
4294967293,120
4294967293,119
4294967293,118
4294967293,117
4294967293,116
4294967293,115
4294967293,114
4294967293,113
4294967293,112
4294967293,111
4294967293,110
4294967293,109
4294967293,108
4294967293,107
4294967293,106
4294967293,105
4294967293,104
4294967293,103
4294967293,102
4294967293,101
4294967293,100
4294967293,99
4294967293,98
4294967293,97
4294967293,96
4294967293,95
4294967293,94
4294967293,93
4294967293,92
4294967293,91
4294967293,90
4294967293,89
4294967293,87
4294967293,86
4294967293,85
4294967293,84
4294967293,83
4294967293,82
4294967293,81
4294967293,80
4294967293,79
4294967293,78
4294967293,77
4294967293,76
4294967293,75
4294967293,74
4294967293,73
4294967293,72
4294967293,71
4294967293,70
4294967293,69
4294967293,68
4294967293,67
4294967293,66
4294967293,65
4294967293,64
4294967293,63
4294967293,62
4294967293,61
4294967293,60
4294967293,59
4294967293,58
4294967293,57
4294967293,56
4294967293,55
4294967293,54
4294967293,53
4294967293,52
4294967293,51
4294967293,50
4294967293,49
4294967293,48
4294967293,47
4294967293,46
4294967293,45
4294967293,44
4294967293,43
4294967293,42
4294967293,41
4294967293,40
4294967293,39
4294967293,38
4294967293,37
4294967293,36
4294967293,35
4294967293,34
4294967293,33
4294967293,32
4294967293,31
4294967293,30
4294967293,29
4294967293,28
4294967293,27
4294967293,26
4294967293,25
4294967293,24
4294967293,23
4294967293,22
4294967293,21
4294967293,20
4294967293,19
4294967293,18
4294967293,17
4294967293,16
4294967293,15
4294967293,14
4294967293,13
4294967293,12
4294967293,11
4294967293,10
4294967293,9
4294967293,8
4294967293,7
4294967293,6
4294967293,5
4294967293,4
4294967293,3
4294967278,132
4294967278,130
4294967278,129
4294967278,126
4294967278,125
4294967278,124
4294967278,120
4294967278,114
4294967278,111
4294967278,104
4294967278,99
4294967278,98
4294967278,93
4294967278,92
4294967278,91
4294967278,90
4294967278,89
4294967278,87
4294967278,86
4294967278,85
4294967278,83
4294967278,82
4294967278,81
4294967278,80
4294967278,79
4294967278,78
4294967278,77
4294967278,73
4294967278,67
4294967278,62
4294967278,57
4294967278,56
4294967278,55
4294967278,297
4294967278,54
4294967278,53
4294967278,52
4294967278,50
4294967278,49
4294967278,355
4294967278,48
4294967278,46
4294967278,45
4294967278,43
4294967278,293
4294967278,42
4294967278,41
4294967278,40
4294967278,39
4294967278,38
4294967278,369
4294967278,37
4294967278,36
4294967278,35
4294967278,34
4294967278,33
4294967278,32
4294967278,31
4294967278,30
4294967278,29
4294967278,28
4294967278,27
4294967278,26
4294967278,25
4294967278,24
4294967278,23
4294967278,22
4294967278,21
4294967278,20
4294967278,19
4294967278,18
4294967278,17
4294967278,16
4294967278,15
4294967278,260
4294967279,83
4294967279,78
4294967279,68
4294967279,67
4294967279,63
4294967279,421
4294967279,57
4294967279,56
4294967279,55
4294967279,53
4294967279,52
4294967279,51
4294967279,50
4294967279,299
4294967279,49
4294967279,48
4294967279,47
4294967279,46
4294967279,45
4294967279,43
4294967279,42
4294967279,429
4294967279,41
4294967279,37
4294967279,36
4294967279,33
4294967279,32
4294967279,31
4294967279,27
4294967279,26
4294967279,22
4294967279,21
4294967279,17
4294967279,16
4294967279,7
4294967279,260
4294967279,174
4294967279,0
4294967279,413
4294967279,6
26,4
4294967279,85
0,5
4294967278,439
4294967278,0
4294967278,84
4294967294,1423
4294967294,1422
4294967294,7
4294967294,6
4294967294,5
4294967294,22
4294967294,15
4294967294,17
4294967294,42
4294967294,76
4294967294,36
4294967294,39
4294967294,41
4294967294,1750
4294967294,2202
4294967294,1411
4294967294,1410
4294967294,1783
4294967294,1413
4294967294,67
4294967294,68
4294967294,473
4294967294,1418
4294967294,1428
4294967294,1425
4294967294,1642
4294967294,978
4294967294,1442
4294967294,923
4294967278,335
4294967279,303
4294967278,398
4294967279,430
4294967279,456
4294967294,1640
4294967294,739
4294967294,737
4294967294,573
4294967294,734
4294967294,731
4294967294,572
4294967294,729
4294967294,727
4294967294,726
4294967294,725
4294967294,724
4294967294,723
4294967294,720
4294967294,718
4294967294,711
4294967294,952
4294967294,701
4294967294,541
4294967294,697
4294967294,570
4294967294,695
4294967294,692
4294967294,685
4294967294,531
4294967294,566
4294967294,656
4294967294,925
4294967294,654
4294967294,653
4294967294,652
4294967294,651
4294967294,650
4294967294,649
4294967294,1677
4294967294,648
4294967294,555
4294967294,636
4294967294,635
4294967294,634
4294967294,633
4294967294,632
4294967294,629
4294967294,628
4294967294,627
4294967294,626
4294967294,625
4294967294,624
4294967294,564
4294967294,567
4294967294,617
4294967294,616
4294967294,615
4294967294,614
4294967294,613
4294967294,608
4294967294,604
4294967294,1678
4294967294,602
4294967294,601
4294967294,599
4294967294,1430
4294967294,598
4294967294,597
4294967294,596
4294967294,595
4294967294,594
4294967294,593
4294967294,590
4294967294,2235
4294967294,588
4294967294,586
4294967294,1445
4294967294,585
4294967294,583
4294967294,582
4294967294,581
4294967294,580
4294967294,559
4294967294,1572
4294967294,318
4294967294,313
4294967294,312
4294967294,308
4294967294,305
4294967294,304
4294967294,294
4294967294,280
4294967294,271
4294967294,268
4294967294,266
4294967294,265
4294967294,264
4294967294,261
4294967294,258
4294967294,104
4294967294,497
4294967294,256
4294967294,1437
4294967294,467
4294967294,1570
4294967294,1427
4294967294,240
4294967294,238
4294967294,237
4294967294,236
4294967294,234
4294967294,1671
4294967294,1571
4294967294,1670
4294967294,1649
4294967294,1648
4294967294,224
4294967294,223
4294967294,1569
4294967294,1635
4294967294,222
4294967294,46
4294967294,115
4294967294,425
4294967294,99
4294967294,1568
1,0
4294967294,219
4294967294,1641
4294967294,216
4294967294,213
4294967294,212
4294967294,909
4294967294,206
4294967294,204
4294967294,1622
4294967294,1567
4294967294,1638
4294967294,201
4294967294,198
4294967294,1672
4294967294,428
4294967294,194
4294967294,432
4294967294,429
4294967294,192
4294967294,1658
4294967294,536
4294967294,534
4294967294,1566
4294967294,543
4294967294,1565
4294967294,1653
4294967294,1654
4294967294,2228
4294967294,1564
4294967294,1644
4294967294,1561
4294967294,826
4294967294,502
4294967294,1669
4294967294,1560
4294967294,2223
4294967294,983
4294967294,106
4294967294,1563
4294967294,1559
4294967294,1466
4294967294,434
4294967294,2
4294967294,975
4294967294,1562
4294967294,51
4294967294,1558
4294967294,24
4294967294,27
4294967294,1753
4294967294,902
4294967294,828
4294967294,190
4294967294,107
4294967294,1612
4294967294,43
4294967294,44
4294967294,1668
4294967294,25
4294967294,28
4294967294,45
4294967294,1
4294967294,1440
4294967294,982
4294967294,82
4294967294,83
4294967294,26
4294967294,29
4294967294,92
4294967294,91
4294967294,90
4294967294,88
4294967294,87
4294967294,86
4294967294,85
4294967294,53
4294967294,981
4294967294,52
4294967294,3
4294967294,8
4294967279,389
4294967279,414
4294967279,489
4294967279,439
4294967278,368
4294967278,376
4294967279,309
4294967279,300
4294967279,487
4294967279,486
4294967279,394
4294967279,138
4294967279,391
4294967279,283
4294967278,417
4294967278,321
4294967278,255
4294967279,490
4294967279,485
4294967279,483
4294967278,416
4294967278,415
4294967278,233
4294967279,488
4294967279,482
4294967278,341
4294967279,440
4294967278,339
4294967279,481
4294967278,412
4294967294,1443
4294967294,1557
4294967294,1556
4294967294,1555
4294967294,1554
4294967294,1552
4294967294,1553
4294967294,1609
4294967294,1666
4294967294,1665
4294967294,1550
4294967294,1549
4294967294,1548
4294967294,1632
4294967294,1664
4294967294,1547
4294967294,395
4294967294,914
4294967294,1628
4294967294,1455
4294967294,1620
4294967294,1625
4294967294,1426
4294967294,1447
4294967294,441
4294967294,1746
4294967294,1611
4294967294,824
4294967294,1617
4294967294,823
4294967294,787
4294967294,455
4294967294,1603
4294967294,1637
4294967294,1636
4294967294,1634
4294967294,1633
4294967294,1627
4294967294,424
4294967294,825
4294967294,454
4294967294,1629
4294967294,1619
4294967294,1624
4294967294,1680
4294967294,1452
4294967294,1643
4294967294,1667
4294967294,1626
4294967294,130
4294967294,1600
4294967294,1463
4294967294,1605
4294967294,442
4294967294,1610
4294967294,1631
4294967294,423
4294967294,1614
4294967294,153
4294967294,1613
4294967294,1606
4294967294,463
4294967294,905
4294967294,152
4294967294,370
4294967294,369
4294967294,368
4294967294,439
4294967294,367
4294967294,366
4294967294,364
4294967294,365
4294967294,363
4294967294,362
4294967294,361
4294967294,360
4294967294,359
4294967294,358
4294967294,357
4294967294,356
4294967294,355
4294967294,354
4294967294,1639
4294967294,145
4294967294,431
4294967294,1409
4294967294,1408
4294967294,125
4294967294,973
4294967294,972
4294967294,970
4294967294,969
4294967278,249
4294967279,478
4294967278,310
4294967278,309
4294967278,410
4294967278,414
4294967278,413
4294967279,479
4294967279,484
4294967279,471
4294967279,315
4294967279,314
4294967278,409
4294967278,402
4294967279,477
4294967279,470
4294967278,408
4294967278,401
4294967279,469
4294967279,468
4294967279,467
4294967279,476
4294967278,400
4294967279,399
4294967278,407
4294967278,274
4294967279,475
4294967279,465
4294967278,406
4294967278,399
4294967279,463
4294967279,462
4294967279,461
4294967279,480
4294967279,417
4294967279,473
4294967279,460
4294967278,405
4294967278,306
4294967278,411
4294967278,312
4294967279,458
4294967278,308
4294967279,404
4294967279,313
4294967278,365
4294967279,425
4294967278,364
4294967279,310
4294967279,302
4294967279,297
4294967279,474
4294967279,392
4294967294,957
4294967294,0
4294967294,465
4294967294,452
4294967294,140
4294967294,418
4294967294,448
4294967294,353
4294967294,352
4294967294,351
4294967294,350
4294967294,349
4294967294,347
4294967294,348
